540
543
544
548
548
548
549
550
551
552
554
555
556
556
556
558
559
557
560
560
559
562
561
562
561
561
563
564
565
564
564
562
564
564
566
565
566
567
567
566
565
565
568
567
566
566
567
567
565
564
562
562
563
562
562
562
562
563
562
560
561
559
559
561
561
562
562
560
562
563
562
562
562
562
562
561
563
562
562
563
563
563
564
563
561
563
564
563
562
562
560
559
560
559
548
553
556
593
600
169
203
258
294
305
309
309
300
276
266
255
246
242
235
232
228
226
223
221
220
218
216
215
214
212
212
210
210
209
209
207
207
206
207
208
207
205
205
206
205
205
204
205
205
204
204
203
203
204
203
202
202
202
203
203
203
202
202
203
203
203
203
203
202
204
203
203
203
203
202
203
204
204
203
203
202
203
203
203
203
203
204
203
203
203
203
202
202
202
204
203
202
202
204
203
203
202
203
203
204
202
203
203
203
